Processing folder with 10 iterations
Traceback (most recent call last):
  File "./evaluate.py", line 150, in <module>
    main()
  File "./evaluate.py", line 12, in main
    evaluate_dir(directory)
  File "./evaluate.py", line 31, in evaluate_dir
    gibbs(path, iterations)
  File "/Users/brett/school/cs/466/466-project/findMotif.py", line 196, in gibbs
    length_file = open(length_path, 'r')
IOError: [Errno 2] No such file or directory: 'data/2014-05-07-164830/motiflength.txt'
Processing folder with 10 iterations
Traceback (most recent call last):
  File "./evaluate.py", line 150, in <module>
    main()
  File "./evaluate.py", line 12, in main
    evaluate_dir(directory)
  File "./evaluate.py", line 31, in evaluate_dir
    gibbs(path, iterations)
  File "/Users/brett/school/cs/466/466-project/findMotif.py", line 196, in gibbs
    length_file = open(length_path, 'r')
IOError: [Errno 2] No such file or directory: 'data/2014-04-29-222438/motiflength.txt'
Processing folder with 10 iterations
Traceback (most recent call last):
  File "./evaluate.py", line 150, in <module>
    main()
  File "./evaluate.py", line 12, in main
    evaluate_dir(directory)
  File "./evaluate.py", line 31, in evaluate_dir
    gibbs(path, iterations)
  File "/Users/brett/school/cs/466/466-project/findMotif.py", line 196, in gibbs
    length_file = open(length_path, 'r')
IOError: [Errno 2] No such file or directory: 'data/2014-05-07-164837/motiflength.txt'
Processing folder with 10 iterations
Traceback (most recent call last):
  File "./evaluate.py", line 150, in <module>
    main()
  File "./evaluate.py", line 12, in main
    evaluate_dir(directory)
  File "./evaluate.py", line 31, in evaluate_dir
    gibbs(path, iterations)
  File "/Users/brett/school/cs/466/466-project/findMotif.py", line 196, in gibbs
    length_file = open(length_path, 'r')
IOError: [Errno 2] No such file or directory: 'data/2014-05-07-164836/motiflength.txt'
Processing folder with 10 iterations
Traceback (most recent call last):
  File "./evaluate.py", line 150, in <module>
    main()
  File "./evaluate.py", line 12, in main
    evaluate_dir(directory)
  File "./evaluate.py", line 31, in evaluate_dir
    gibbs(path, iterations)
  File "/Users/brett/school/cs/466/466-project/findMotif.py", line 196, in gibbs
    length_file = open(length_path, 'r')
IOError: [Errno 2] No such file or directory: 'data/2014-05-07-164835/motiflength.txt'
Processing folder with 10 iterations
Traceback (most recent call last):
  File "./evaluate.py", line 150, in <module>
    main()
  File "./evaluate.py", line 12, in main
    evaluate_dir(directory)
  File "./evaluate.py", line 31, in evaluate_dir
    gibbs(path, iterations)
  File "/Users/brett/school/cs/466/466-project/findMotif.py", line 196, in gibbs
    length_file = open(length_path, 'r')
IOError: [Errno 2] No such file or directory: 'data/2014-05-07-164832/motiflength.txt'
Processing folder with 10 iterations
Traceback (most recent call last):
  File "./evaluate.py", line 150, in <module>
Processing folder with 10 iterations
Traceback (most recent call last):
  File "./evaluate.py", line 150, in <module>
    main()
  File "./evaluate.py", line 12, in main
    evaluate_dir(directory)
  File "./evaluate.py", line 31, in evaluate_dir
    gibbs(path, iterations)
  File "/Users/brett/school/cs/466/466-project/findMotif.py", line 196, in gibbs
    length_file = open(length_path, 'r')
IOError: [Errno 2] No such file or directory: 'data/2014-05-07-164833/motiflength.txt'
Processing folder with 10 iterations
Traceback (most recent call last):
  File "./evaluate.py", line 150, in <module>
    main()
  File "./evaluate.py", line 12, in main
    evaluate_dir(directory)
  File "./evaluate.py", line 31, in evaluate_dir
    gibbs(path, iterations)
  File "/Users/brett/school/cs/466/466-project/findMotif.py", line 196, in gibbs
    length_file = open(length_path, 'r')
IOError: [Errno 2] No such file or directory: 'data/2014-05-07-164834/motiflength.txt'
Processing folder with 10 iterations
Traceback (most recent call last):
  File "./evaluate.py", line 150, in <module>
    main()
  File "./evaluate.py", line 12, in main
    evaluate_dir(directory)
  File "./evaluate.py", line 31, in evaluate_dir
    gibbs(path, iterations)
  File "/Users/brett/school/cs/466/466-project/findMotif.py", line 196, in gibbs
    length_file = open(length_path, 'r')
IOError: [Errno 2] No such file or directory: 'data/2014-05-07-200018_ds0/motiflength.txt'
Processing folder with 10 iterations
Traceback (most recent call last):
  File "./evaluate.py", line 150, in <module>
    main()
  File "./evaluate.py", line 12, in main
    evaluate_dir(directory)
  File "./evaluate.py", line 31, in evaluate_dir
    gibbs(path, iterations)
  File "/Users/brett/school/cs/466/466-project/findMotif.py", line 196, in gibbs
    length_file = open(length_path, 'r')
IOError: [Errno 2] No such file or directory: 'data/2014-05-07-164838/motiflength.txt'
    main()
  File "./evaluate.py", line 12, in main
    evaluate_dir(directory)
  File "./evaluate.py", line 31, in evaluate_dir
    gibbs(path, iterations)
  File "/Users/brett/school/cs/466/466-project/findMotif.py", line 196, in gibbs
    length_file = open(length_path, 'r')
IOError: [Errno 2] No such file or directory: 'data/2014-05-07-164831/motiflength.txt'
Processing folder with 10 iterations
Motif: [[ 0.08333333  0.25        0.41666667  0.25      ]
 [ 0.25        0.25        0.41666667  0.08333333]
 [ 0.08333333  0.25        0.41666667  0.25      ]
 [ 0.08333333  0.08333333  0.25        0.58333333]
 [ 0.58333333  0.08333333  0.08333333  0.25      ]
 [ 0.75        0.08333333  0.08333333  0.08333333]
 [ 0.08333333  0.08333333  0.41666667  0.41666667]
 [ 0.25        0.25        0.08333333  0.41666667]]
Sites: [  41.  119.  311.  358.  286.]
g
g
g
t
a
a
g
t
took time(seconds):55.9560549259
That took 55.9561698437 sec!
-0.021202635362
-0.0533913936107
0.822077343742
0.789888585494
-0.0321887582487
-0.0643775164974
0.811091220856
0.789888585494
-0.021202635362
-0.0533913936107
0.822077343742
0.789888585494
-0.021202635362
-0.042405270724
1.3438890904
1.30322735354
-0.0406617368525
2.44424491294
2.42304227757
2.39085351933
-0.0431748811354
2.44173176865
2.42052913329
2.39932649793
2.48490664979
2.46370401443
2.42640699994
2.38910998545
-0.0321887582487
1.35410560287
1.33290296751
1.29560595302
12.1477890658
Processing folder with 10 iterations
Motif: [[ 0.08333333  0.25        0.41666667  0.25      ]
 [ 0.08333333  0.75        0.08333333  0.08333333]
 [ 0.25        0.08333333  0.08333333  0.58333333]
 [ 0.08333333  0.41666667  0.08333333  0.41666667]
 [ 0.08333333  0.41666667  0.08333333  0.41666667]
 [ 0.58333333  0.08333333  0.25        0.08333333]
 [ 0.08333333  0.25        0.41666667  0.25      ]
 [ 0.25        0.41666667  0.08333333  0.25      ]]
Sites: [ 269.  215.  321.   20.  248.]
g
c
t
c
c
a
g
c
took time(seconds):56.0352618694
That took 56.0353748798 sec!
2.48490664979
2.45271789154
2.41542087705
2.3832321188
2.48490664979
2.44173176865
2.42052913329
2.39932649793
-0.0321887582487
-0.0533913936107
2.43151525618
2.39085351933
-0.021202635362
-0.0584996498483
2.42640699994
2.38910998545
-0.021202635362
-0.0584996498483
-0.0797022852103
0.795766452143
-0.0406617368525
-0.0618643722145
-0.0940531304632
2.39085351933
-0.021202635362
1.36509172576
1.32779471127
1.29560595302
-0.0321887582487
-0.069485772735
2.41542087705
2.3832321188
16.4279801648
Processing folder with 10 iterations
Motif: [[ 0.58333333  0.25        0.08333333  0.08333333]
 [ 0.58333333  0.25        0.08333333  0.08333333]
 [ 0.08333333  0.58333333  0.25        0.08333333]
 [ 0.08333333  0.25        0.58333333  0.08333333]
 [ 0.25        0.25        0.41666667  0.08333333]
 [ 0.08333333  0.08333333  0.58333333  0.25      ]
 [ 0.08333333  0.75        0.08333333  0.08333333]
 [ 0.25        0.25        0.41666667  0.08333333]]
Sites: [ 194.  293.  270.  447.  439.]
a
a
c
g
g
g
c
g
took time(seconds):55.8775911331
That took 55.8777070045 sec!
-0.211824465097
-0.211824465097
0.0628286070705
0.337481679238
-0.0406617368525
1.34563262427
1.32442998891
1.30322735354
-0.021202635362
-0.0618643722145
1.32442998891
1.30322735354
-0.021202635362
1.36509172576
1.32442998891
1.30322735354
-0.0321887582487
-0.0643775164974
0.811091220856
0.789888585494
2.48490664979
2.46370401443
2.42304227757
2.39085351933
2.48490664979
2.44173176865
2.42052913329
2.39932649793
-0.0321887582487
-0.0643775164974
-0.101674530984
2.3832321188
12.2104644614
Processing folder with 10 iterations
Motif: [[ 0.58333333  0.08333333  0.08333333  0.25      ]
 [ 0.25        0.41666667  0.08333333  0.25      ]
 [ 0.41666667  0.08333333  0.25        0.25      ]
 [ 0.08333333  0.25        0.25        0.41666667]
 [ 0.41666667  0.08333333  0.41666667  0.08333333]
 [ 0.08333333  0.25        0.58333333  0.08333333]
 [ 0.25        0.41666667  0.08333333  0.25      ]
 [ 0.08333333  0.08333333  0.75        0.08333333]]
Sites: [ 262.  394.  466.  398.  202.]
a
c
a
t
a
g
c
g
took time(seconds):57.3675150871
That took 57.3676378727 sec!
-0.211824465097
0.0628286070705
0.337481679238
0.337481679238
-0.0321887582487
-0.069485772735
-0.090688408097
1.29560595302
-0.0372970144863
2.4476096353
2.41542087705
2.3832321188
-0.021202635362
-0.0533913936107
1.33290296751
1.29560595302
0.875468737353
0.854266101991
0.816969087505
0.795766452143
-0.021202635362
1.36509172576
1.32442998891
1.30322735354
-0.0321887582487
-0.069485772735
-0.090688408097
1.29560595302
2.48490664979
2.46370401443
2.42052913329
2.39932649793
11.1058519607
Processing folder with 10 iterations
Motif: [[ 0.08333333  0.25        0.25        0.41666667]
 [ 0.58333333  0.25        0.08333333  0.08333333]
 [ 0.41666667  0.25        0.08333333  0.25      ]
 [ 0.08333333  0.08333333  0.25        0.58333333]
 [ 0.08333333  0.08333333  0.58333333  0.25      ]
 [ 0.25        0.25        0.08333333  0.41666667]
 [ 0.08333333  0.08333333  0.58333333  0.25      ]
 [ 0.25        0.08333333  0.08333333  0.58333333]]
Sites: [  72.  221.   92.  352.  377.]
t
a
a
t
g
t
g
t
took time(seconds):57.0367109776
That took 57.0368280411 sec!
-0.021202635362
1.36509172576
1.33290296751
1.29560595302
0.538996500733
0.506807742485
0.485605107123
0.464402471761
-0.0372970144863
-0.069485772735
-0.090688408097
1.29560595302
0.274653072167
0.549306144334
0.549306144334
0.337481679238
-0.021202635362
2.46370401443
2.42304227757
2.39085351933
-0.0321887582487
-0.0643775164974
2.42052913329
2.3832321188
-0.021202635362
-0.042405270724
-0.0830670075765
1.30322735354
1.38629436112
1.36509172576
1.3438890904
1.30322735354
10.7736364023
Processing folder with 10 iterations
Motif: [[ 0.25        0.58333333  0.08333333  0.08333333]
 [ 0.08333333  0.41666667  0.08333333  0.41666667]
 [ 0.41666667  0.08333333  0.41666667  0.08333333]
 [ 0.25        0.08333333  0.08333333  0.58333333]
 [ 0.41666667  0.25        0.25        0.08333333]
 [ 0.41666667  0.41666667  0.08333333  0.08333333]
 [ 0.41666667  0.08333333  0.08333333  0.41666667]
 [ 0.41666667  0.25        0.25        0.08333333]]
Sites: [ 392.    7.  404.  475.  370.]
c
c
a
t
a
a
a
a
took time(seconds):57.1180398464
That took 57.1181540489 sec!
-0.0321887582487
0.506807742485
0.485605107123
0.464402471761
-0.021202635362
0.854266101991
0.833063466629
0.795766452143
0.875468737353
0.854266101991
0.816969087505
0.795766452143
-0.0321887582487
2.45271789154
2.43151525618
2.39085351933
-0.0372970144863
-0.069485772735
-0.101674530984
2.3832321188
0.875468737353
0.838171722867
0.816969087505
0.795766452143
-0.0372970144863
-0.0584996498483
2.42640699994
2.38910998545
-0.0372970144863
-0.069485772735
-0.101674530984
2.3832321188
12.3981295706
Processing folder with 10 iterations
Motif: [[ 0.08333333  0.08333333  0.25        0.58333333]
 [ 0.25        0.25        0.08333333  0.41666667]
 [ 0.25        0.58333333  0.08333333  0.08333333]
 [ 0.08333333  0.58333333  0.25        0.08333333]
 [ 0.08333333  0.25        0.08333333  0.58333333]
 [ 0.58333333  0.25        0.08333333  0.08333333]
 [ 0.08333333  0.08333333  0.25        0.58333333]
 [ 0.25        0.08333333  0.08333333  0.58333333]]
Sites: [ 218.  414.  288.  291.  162.]
t
t
c
c
t
a
t
t
took time(seconds):57.1851110458
That took 57.1852269173 sec!
-0.021202635362
-0.042405270724
-0.0745940289727
0.464402471761
-0.0321887582487
-0.0643775164974
2.42052913329
2.3832321188
1.38629436112
1.34563262427
1.32442998891
1.30322735354
-0.021202635362
-0.0618643722145
-0.0940531304632
2.39085351933
2.48490664979
2.45271789154
2.43151525618
2.39085351933
0.538996500733
0.506807742485
0.485605107123
0.464402471761
-0.021202635362
-0.042405270724
1.3438890904
1.30322735354
-0.0321887582487
-0.0533913936107
-0.0745940289727
0.464402471761
11.1646012798
Processing folder with 10 iterations
Motif: [[ 0.08333333  0.41666667  0.25        0.25      ]
 [ 0.25        0.08333333  0.41666667  0.25      ]
 [ 0.41666667  0.25        0.25        0.08333333]
 [ 0.08333333  0.25        0.08333333  0.58333333]
 [ 0.08333333  0.08333333  0.58333333  0.25      ]
 [ 0.25        0.08333333  0.25        0.41666667]
 [ 0.08333333  0.58333333  0.08333333  0.25      ]
 [ 0.41666667  0.08333333  0.08333333  0.41666667]]
Sites: [ 453.  291.  259.  146.  345.]
c
g
a
t
g
t
c
a
took time(seconds):57.3746840954
That took 57.3747940063 sec!
2.48490664979
2.4476096353
2.41542087705
2.3832321188
-0.0321887582487
2.45271789154
2.41542087705
2.3832321188
0.875468737353
0.843279979104
0.811091220856
0.789888585494
-0.021202635362
-0.0533913936107
2.43151525618
2.39085351933
2.48490664979
2.46370401443
2.42304227757
2.39085351933
-0.0321887582487
-0.0533913936107
1.33290296751
1.29560595302
-0.021202635362
-0.0618643722145
-0.0830670075765
1.30322735354
-0.0372970144863
2.4476096353
2.42640699994
2.38910998545
15.3260031538
Processing folder with 10 iterations
Motif: [[ 0.25        0.58333333  0.08333333  0.08333333]
 [ 0.08333333  0.25        0.08333333  0.58333333]
 [ 0.08333333  0.08333333  0.75        0.08333333]
 [ 0.41666667  0.41666667  0.08333333  0.08333333]
 [ 0.08333333  0.08333333  0.08333333  0.75      ]
 [ 0.75        0.08333333  0.08333333  0.08333333]
 [ 0.25        0.08333333  0.08333333  0.58333333]
 [ 0.41666667  0.08333333  0.08333333  0.41666667]]
Sites: [ 359.  124.  489.  142.  453.]
c
t
g
a
t
a
t
a
took time(seconds):58.0441651344
That took 58.0508110523 sec!
-0.0321887582487
0.506807742485
0.485605107123
0.464402471761
-0.021202635362
1.36509172576
1.3438890904
1.30322735354
-0.021202635362
2.46370401443
2.42052913329
2.39932649793
-0.0372970144863
-0.0745940289727
-0.0957966643347
2.38910998545
-0.021202635362
2.46370401443
2.44250137906
2.39932649793
0.287682072452
0.26647943709
0.245276801728
0.224074166366
-0.0321887582487
2.45271789154
2.43151525618
2.39085351933
0.875468737353
0.854266101991
0.833063466629
0.795766452143
12.3660869444
Processing folder with 10 iterations
Motif: [[ 0.5         0.04545455  0.31818182  0.13636364]
 [ 0.04545455  0.40909091  0.13636364  0.40909091]
 [ 0.31818182  0.13636364  0.40909091  0.13636364]
 [ 0.04545455  0.31818182  0.40909091  0.22727273]
 [ 0.04545455  0.13636364  0.13636364  0.68181818]
 [ 0.13636364  0.40909091  0.31818182  0.13636364]]
Sites: [ 456.  361.  363.  396.   29.  465.  408.  196.   31.   95.]
a
c
g
g
t
c
took time(seconds):58.400988102
That took 58.4010989666 sec!
-0.0391202300543
-0.0542615073806
-0.0888618861974
1.90356827849
-0.0151412773263
-0.0522548004259
1.94017536426
1.90306184116
-0.0346003788169
1.95782978587
1.92071626277
1.89458886256
-0.0151412773263
1.12999102698
1.09287750388
1.06164184743
-0.0151412773263
-0.0412686775393
1.95116148715
1.90893970781
-0.026127400213
0.867690475809
0.833090096992
0.806962696779
9.47876323423
Processing folder with 10 iterations
Motif: [[ 0.13636364  0.31818182  0.04545455  0.5       ]
 [ 0.22727273  0.5         0.22727273  0.04545455]
 [ 0.31818182  0.31818182  0.13636364  0.22727273]
 [ 0.31818182  0.22727273  0.22727273  0.22727273]
 [ 0.13636364  0.40909091  0.22727273  0.22727273]
 [ 0.59090909  0.13636364  0.04545455  0.22727273]
 [ 0.22727273  0.40909091  0.04545455  0.31818182]]
Sites: [   6.  307.  468.   90.  413.  314.  371.  115.  479.  140.]
t
c
a
a
c
a
c
took time(seconds):58.4744019508
That took 58.4745509624 sec!
-0.026127400213
1.11900490409
1.10386362676
1.06474339671
-0.0312356564507
-0.0703558865049
1.41124865442
1.39610737709
1.1451323043
1.11053192549
1.08440452527
1.05316886882
-0.0346003788169
-0.0658360352675
-0.0970716917182
1.3845328492
-0.026127400213
-0.0632409233127
1.41836361761
1.38712796116
0.526093095897
0.499965695684
0.484824418358
0.453588761907
-0.0312356564507
-0.0683491795503
-0.0834904568766
1.06164184743
7.80091106232
Processing folder with 10 iterations
Motif: [[ 0.04545455  0.22727273  0.22727273  0.5       ]
 [ 0.5         0.04545455  0.22727273  0.22727273]
 [ 0.04545455  0.5         0.04545455  0.40909091]
 [ 0.04545455  0.13636364  0.59090909  0.22727273]
 [ 0.04545455  0.77272727  0.04545455  0.13636364]
 [ 0.59090909  0.04545455  0.22727273  0.13636364]]
Sites: [ 348.  119.    7.  175.  183.  100.   41.  362.   70.  379.]
t
a
c
g
c
a
took time(seconds):58.5829179287
That took 58.5830340385 sec!
-0.0151412773263
1.4664632636
1.43522760715
1.39610737709
0.69314718056
0.678005903234
0.646770246783
0.615534590332
-0.0151412773263
0.678005903234
0.662864625907
0.625751102808
-0.0151412773263
-0.0412686775393
0.484824418358
0.453588761907
-0.0151412773263
0.242687831976
0.22754655465
0.201419154437
0.526093095897
0.510951818571
0.47971616212
0.453588761907
3.74598974848
Processing folder with 10 iterations
Motif: [[ 0.08333333  0.08333333  0.08333333  0.75      ]
 [ 0.08333333  0.25        0.25        0.41666667]
 [ 0.25        0.08333333  0.41666667  0.25      ]
 [ 0.08333333  0.08333333  0.75        0.08333333]
 [ 0.08333333  0.08333333  0.41666667  0.41666667]
 [ 0.25        0.08333333  0.58333333  0.08333333]
 [ 0.41666667  0.25        0.25        0.08333333]
 [ 0.08333333  0.25        0.58333333  0.08333333]]
Sites: [ 329.  110.  180.   61.  206.]
t
t
g
g
g
g
a
g
took time(seconds):58.4642190933
That took 58.4643380642 sec!
2.48490664979
2.46370401443
2.44250137906
2.39932649793
-0.021202635362
-0.0533913936107
-0.0855801518594
0.789888585494
1.38629436112
1.36509172576
1.32779471127
1.29560595302
-0.021202635362
2.46370401443
2.42052913329
2.39932649793
-0.021202635362
-0.042405270724
-0.0797022852103
0.795766452143
-0.0321887582487
-0.0533913936107
0.485605107123
0.464402471761
-0.0372970144863
-0.069485772735
1.31680858838
1.29560595302
2.48490664979
2.45271789154
2.41205615469
2.39085351933
11.8307759306
Processing folder with 10 iterations
Motif: [[ 0.22727273  0.04545455  0.31818182  0.40909091]
 [ 0.40909091  0.04545455  0.40909091  0.13636364]
 [ 0.04545455  0.22727273  0.13636364  0.59090909]
 [ 0.68181818  0.04545455  0.22727273  0.04545455]
 [ 0.59090909  0.13636364  0.22727273  0.04545455]
 [ 0.5         0.13636364  0.04545455  0.31818182]]
Sites: [ 128.   73.  492.  288.   22.  103.  165.  312.  338.  481.]
t
a
t
a
a
a
took time(seconds):58.3913230896
That took 58.3914420605 sec!
1.48160454092
1.4664632636
1.43186288478
1.39474936168
-0.0371135230997
3.05392893026
3.01681540716
2.99068800695
0.42618702306
0.450014568011
0.601548518903
0.386498202597
-0.0422217793373
-0.0573630566636
1.42424148426
1.40910020693
-0.0407907709009
1.95163939379
1.92040373734
1.90526246001
-0.0391202300543
1.95330993463
1.93816865731
1.90356827849
9.98986651666
Processing folder with 10 iterations
Motif: [[ 0.04545455  0.22727273  0.68181818  0.04545455]
 [ 0.22727273  0.5         0.13636364  0.13636364]
 [ 0.04545455  0.22727273  0.31818182  0.40909091]
 [ 0.40909091  0.40909091  0.13636364  0.04545455]
 [ 0.31818182  0.40909091  0.22727273  0.04545455]
 [ 0.04545455  0.40909091  0.13636364  0.40909091]]
Sites: [ 107.   54.  211.  335.   18.  311.    8.  140.  232.   63.]
g
c
t
a
c
c
took time(seconds):59.0062098503
That took 59.0063230991 sec!
3.09104245336
3.05980679691
3.01758501757
3.00244374025
1.48160454092
1.44248431087
1.41635691066
1.39022951044
0.42618702306
0.450014568011
0.389724053806
0.266604932532
-0.0371135230997
-0.0742270461993
1.91820311849
1.90306184116
-0.0346003788169
-0.0717139019165
-0.102949558367
2.98809289499
-0.0151412773263
-0.0522548004259
-0.078382200639
0.815435675383
10.3658685948
Processing folder with 10 iterations
Motif: [[ 0.13636364  0.22727273  0.13636364  0.5       ]
 [ 0.31818182  0.5         0.13636364  0.04545455]
 [ 0.40909091  0.22727273  0.22727273  0.13636364]
 [ 0.40909091  0.5         0.04545455  0.04545455]
 [ 0.5         0.13636364  0.22727273  0.13636364]
 [ 0.40909091  0.04545455  0.5         0.04545455]
 [ 0.13636364  0.04545455  0.13636364  0.68181818]]
Sites: [ 122.  296.  304.   34.  436.  105.   45.  159.    5.   10.]
t
c
a
c
a
g
t
took time(seconds):58.4369959831
That took 58.4371118546 sec!
1.99243016469
1.96119450824
1.93506710802
1.89594687797
-0.0346003788169
0.658546801743
0.63241940153
0.617278124204
-0.0371135230997
1.44449101782
1.41325536137
1.38712796116
0.893817876022
0.854697645968
0.839556368641
0.824415091315
-0.0391202300543
1.95330993463
1.92207427818
1.89594687797
-0.0371135230997
-0.0522548004259
-0.0913750304802
2.99966742288
0.151533950892
0.577720973952
0.729254924844
0.478429397628
10.0988117531
Processing folder with 10 iterations
Motif: [[ 0.40909091  0.40909091  0.13636364  0.04545455]
 [ 0.5         0.13636364  0.31818182  0.04545455]
 [ 0.5         0.13636364  0.04545455  0.31818182]
 [ 0.31818182  0.22727273  0.13636364  0.31818182]
 [ 0.40909091  0.13636364  0.40909091  0.04545455]
 [ 0.22727273  0.13636364  0.22727273  0.40909091]]
Sites: [ 329.  263.  322.   89.  230.   60.  262.  174.  236.  258.]
a
a
a
a
a
t
took time(seconds):59.0281670094
That took 59.0282921791 sec!
-0.0371135230997
-0.0742270461993
-0.100354446412
2.99068800695
-0.0391202300543
1.95330993463
1.91870955582
1.90356827849
0.69314718056
0.667019780347
0.651878503021
0.617278124204
-0.0346003788169
1.44700416211
1.42087676189
1.38627638308
-0.0371135230997
-0.0632409233127
0.830576952709
0.815435675383
-0.0312356564507
-0.0573630566637
1.42424148426
1.38712796116
9.10037442926
Processing folder with 10 iterations
Motif: [[ 0.40909091  0.04545455  0.40909091  0.13636364]
 [ 0.31818182  0.40909091  0.13636364  0.13636364]
 [ 0.13636364  0.13636364  0.31818182  0.40909091]
 [ 0.04545455  0.40909091  0.22727273  0.31818182]
 [ 0.22727273  0.13636364  0.40909091  0.22727273]
 [ 0.40909091  0.04545455  0.40909091  0.13636364]
 [ 0.68181818  0.04545455  0.13636364  0.13636364]
 [ 0.04545455  0.68181818  0.22727273  0.04545455]]
Sites: [  93.  247.  299.    1.  489.   51.  334.  197.   70.  127.]
a
c
t
c
g
a
a
c
took time(seconds):59.1238489151
That took 59.1239728928 sec!
0.893817876022
0.878676598696
0.841563075596
0.815435675383
-0.0346003788169
0.859217497205
0.833090096992
0.806962696779
-0.026127400213
-0.052254800426
-0.0868551792429
0.806962696779
0.42618702306
0.303067901785
0.326895446736
0.266604932532
-0.0312356564507
-0.0573630566637
-0.0944765797633
1.38712796116
0.893817876022
0.878676598696
0.841563075596
0.815435675383
-0.0422217793373
3.04882067402
3.02269327381
2.9965658736
-0.0151412773263
-0.0573630566636
-0.0885987131143
3.00244374025
10.8975392519
Processing folder with 10 iterations
Motif: [[ 0.13636364  0.5         0.04545455  0.31818182]
 [ 0.22727273  0.31818182  0.22727273  0.22727273]
 [ 0.13636364  0.31818182  0.31818182  0.22727273]
 [ 0.5         0.13636364  0.31818182  0.04545455]
 [ 0.22727273  0.31818182  0.40909091  0.04545455]
 [ 0.59090909  0.22727273  0.04545455  0.13636364]]
Sites: [ 341.  381.  281.  382.  392.   22.  126.  204.  377.  445.]
c
c
c
a
g
a
took time(seconds):58.5821108818
That took 58.582242012 sec!
-0.026127400213
-0.0652476302673
3.02579482309
2.99119444428
1.48160454092
1.44700416211
1.41576850566
1.3845328492
1.99243016469
1.95782978587
1.92322940705
1.8919937506
-0.0391202300543
-0.0652476302673
1.07988467404
1.06474339671
-0.0312356564507
-0.0658360352675
0.827981840754
0.812840563428
0.526093095897
0.494857439446
0.47971616212
0.453588761907
8.59889376613
Processing folder with 10 iterations
Motif: [[ 0.04545455  0.22727273  0.13636364  0.59090909]
 [ 0.04545455  0.59090909  0.04545455  0.31818182]
 [ 0.13636364  0.04545455  0.31818182  0.5       ]
 [ 0.04545455  0.40909091  0.5         0.04545455]
 [ 0.13636364  0.31818182  0.31818182  0.22727273]
 [ 0.31818182  0.22727273  0.31818182  0.13636364]
 [ 0.5         0.13636364  0.04545455  0.31818182]
 [ 0.22727273  0.59090909  0.13636364  0.04545455]]
Sites: [  17.  380.  477.  192.  349.  130.  317.  354.  181.  120.]
t
c
t
g
c
a
a
c
took time(seconds):58.9254198074
That took 58.9255731106 sec!
-0.0151412773263
-0.0463769337769
-0.0725043339899
0.453588761907
-0.0151412773263
0.510951818571
0.495810541244
0.461210162428
-0.026127400213
3.06491505315
3.03031467433
2.99119444428
-0.0151412773263
0.878676598696
0.839556368641
0.824415091315
-0.026127400213
-0.0607277790299
1.08440452527
1.05316886882
-0.0602905142044
-0.0364629692536
-0.0967534834579
0.054780467434
0.69314718056
0.667019780347
0.651878503021
0.617278124204
0.0238275449508
-0.191222771355
-0.039688820463
0.386498202597
6.84213412298
Processing folder with 10 iterations
Motif: [[ 0.13636364  0.22727273  0.59090909  0.04545455]
 [ 0.31818182  0.31818182  0.13636364  0.22727273]
 [ 0.13636364  0.40909091  0.04545455  0.40909091]
 [ 0.13636364  0.5         0.31818182  0.04545455]
 [ 0.22727273  0.31818182  0.22727273  0.22727273]
 [ 0.40909091  0.13636364  0.13636364  0.31818182]
 [ 0.40909091  0.31818182  0.22727273  0.04545455]
 [ 0.31818182  0.31818182  0.31818182  0.04545455]]
Sites: [  59.  145.   57.  101.   36.  449.  236.  455.  133.  144.]
g
a
c
c
c
a
a
a
took time(seconds):59.3785641193
That took 59.3786828518 sec!
1.99243016469
1.96119450824
1.92040373734
1.90526246001
-0.0346003788169
-0.0692007576337
1.92322940705
1.8919937506
-0.026127400213
0.867690475809
0.852549198483
0.815435675383
1.99243016469
1.95330993463
1.91870955582
1.90356827849
1.48160454092
1.44700416211
1.41576850566
1.3845328492
-0.0371135230997
-0.0632409233127
-0.0893683235257
1.05576398078
-0.0371135230997
-0.0717139019165
1.40989063901
1.39474936168
1.1451323043
1.11053192549
1.07593154667
1.06079026934
11.4120966255
Processing folder with 10 iterations
Motif: [[ 0.13636364  0.31818182  0.31818182  0.22727273]
 [ 0.59090909  0.22727273  0.04545455  0.13636364]
 [ 0.22727273  0.13636364  0.13636364  0.5       ]
 [ 0.22727273  0.22727273  0.13636364  0.40909091]
 [ 0.22727273  0.22727273  0.13636364  0.40909091]
 [ 0.68181818  0.04545455  0.22727273  0.04545455]
 [ 0.04545455  0.13636364  0.22727273  0.59090909]]
Sites: [ 482.  134.  111.  169.  227.   56.  295.   67.  292.  121.]
c
a
t
t
t
a
t
took time(seconds):59.2493131161
That took 59.2494399548 sec!
1.99243016469
1.95782978587
1.92322940705
1.8919937506
-0.0407907709009
-0.0720264273516
-0.0871677046779
1.90526246001
1.48160454092
1.45547714071
1.4293497405
1.39022951044
0.0238275449508
0.0476550899016
0.199189040793
0.076069919519
-0.0312356564507
-0.0624713129013
-0.0885987131143
0.805219162908
-0.0422217793373
-0.0573630566636
1.42424148426
1.40910020693
-0.0151412773263
-0.0412686775393
-0.0725043339899
0.453588761907
7.93146377232
Processing folder with 10 iterations
Motif: [[ 0.40909091  0.31818182  0.13636364  0.13636364]
 [ 0.31818182  0.22727273  0.31818182  0.13636364]
 [ 0.22727273  0.04545455  0.22727273  0.5       ]
 [ 0.22727273  0.22727273  0.13636364  0.40909091]
 [ 0.13636364  0.13636364  0.22727273  0.5       ]
 [ 0.31818182  0.22727273  0.40909091  0.04545455]
 [ 0.22727273  0.40909091  0.04545455  0.31818182]]
Sites: [ 318.  452.  372.   32.  182.  447.  428.  168.   47.  117.]
a
a
t
t
t
g
c
took time(seconds):58.6077132225
That took 58.6078369617 sec!
-0.0371135230997
-0.0717139019165
1.92071626277
1.89458886256
-0.0346003788169
1.44700416211
1.41240378329
1.38627638308
-0.0312356564507
-0.0463769337769
1.43522760715
1.39610737709
0.0238275449508
0.0476550899016
0.199189040793
0.076069919519
1.99243016469
1.96630276447
1.93506710802
1.89594687797
-0.0346003788169
-0.0658360352675
-0.102949558367
2.98809289499
-0.0312356564507
-0.0683491795503
-0.0834904568766
1.06164184743
10.6987241626
Processing folder with 10 iterations
Motif: [[ 0.31818182  0.13636364  0.40909091  0.13636364]
 [ 0.22727273  0.04545455  0.13636364  0.59090909]
 [ 0.68181818  0.13636364  0.04545455  0.13636364]
 [ 0.31818182  0.22727273  0.31818182  0.13636364]
 [ 0.77272727  0.13636364  0.04545455  0.04545455]
 [ 0.31818182  0.40909091  0.22727273  0.04545455]
 [ 0.22727273  0.04545455  0.40909091  0.31818182]
 [ 0.22727273  0.31818182  0.40909091  0.04545455]]
Sites: [ 242.   29.  264.  107.  254.  419.  392.  178.  481.   57.]
g
t
a
a
a
c
g
g
took time(seconds):58.7603590488
That took 58.760477066 sec!
-0.0602905142044
0.0912434366875
-0.031875684587
0.119658266305
-0.0312356564507
3.05980679691
3.0336793967
2.99288862579
0.382992252256
0.356864852043
0.341723574717
0.315596174504
-0.0346003788169
-0.0658360352675
-0.100436414084
1.8919937506
-0.0434734107669
-0.0696008109799
3.02144164238
3.00630036505
-0.0346003788169
-0.0717139019165
-0.102949558367
2.98809289499
-0.0312356564507
3.05980679691
3.02269327381
2.98809289499
-0.0312356564507
-0.0658360352675
0.827981840754
0.812840563428
15.1154635357
Processing folder with 10 iterations
Motif: [[ 0.13636364  0.31818182  0.22727273  0.31818182]
 [ 0.13636364  0.31818182  0.40909091  0.13636364]
 [ 0.13636364  0.13636364  0.59090909  0.13636364]
 [ 0.22727273  0.5         0.13636364  0.13636364]
 [ 0.04545455  0.13636364  0.5         0.31818182]
 [ 0.13636364  0.40909091  0.22727273  0.22727273]
 [ 0.22727273  0.13636364  0.13636364  0.5       ]
 [ 0.22727273  0.13636364  0.40909091  0.22727273]]
Sites: [ 141.  253.  347.  426.   86.  287.  264.  431.  256.  408.]
c
g
g
c
g
c
t
g
took time(seconds):59.139991045
That took 59.1401159763 sec!
1.99243016469
1.95782978587
1.92659412942
1.8919937506
-0.026127400213
-0.0607277790299
0.833090096992
0.806962696779
-0.026127400213
1.96630276447
1.92551199357
1.89938459336
-0.0312356564507
-0.0703558865049
-0.0964832867179
1.89594687797
-0.0151412773263
-0.0412686775393
0.651878503021
0.617278124204
-0.026127400213
-0.0632409233127
-0.0944765797633
1.38712796116
-0.0312356564507
1.96119450824
1.93506710802
1.89594687797
-0.0312356564507
-0.0573630566637
-0.0944765797633
1.38712796116
11.7817688432
Processing folder with 10 iterations
Motif: [[ 0.13636364  0.22727273  0.04545455  0.59090909]
 [ 0.31818182  0.13636364  0.5         0.04545455]
 [ 0.22727273  0.04545455  0.31818182  0.40909091]
 [ 0.04545455  0.04545455  0.31818182  0.59090909]
 [ 0.22727273  0.04545455  0.40909091  0.31818182]
 [ 0.22727273  0.04545455  0.22727273  0.5       ]]
Sites: [ 238.  152.  321.  434.  230.  433.  307.  490.  385.  357.]
t
g
t
t
g
t
took time(seconds):58.5184979439
That took 58.5186200142 sec!
-0.026127400213
-0.0573630566637
3.0336793967
2.99288862579
-0.0346003788169
1.95782978587
1.91870955582
1.90356827849
-0.0312356564507
3.05980679691
3.02520641809
2.98809289499
-0.0151412773263
-0.0302825546526
-0.0648829334694
0.461210162428
-0.0312356564507
3.05980679691
3.02269327381
2.98809289499
-0.0312356564507
-0.0463769337769
1.43522760715
1.39610737709
12.7299602338
Processing folder with 10 iterations
Motif: [[ 0.04545455  0.22727273  0.5         0.22727273]
 [ 0.31818182  0.13636364  0.40909091  0.13636364]
 [ 0.40909091  0.13636364  0.40909091  0.04545455]
 [ 0.31818182  0.13636364  0.40909091  0.13636364]
 [ 0.13636364  0.22727273  0.31818182  0.31818182]
 [ 0.31818182  0.31818182  0.22727273  0.13636364]
 [ 0.40909091  0.22727273  0.13636364  0.22727273]
 [ 0.31818182  0.22727273  0.13636364  0.31818182]]
Sites: [ 245.  457.    9.   23.  416.   66.   19.  426.  378.   52.]
g
g
a
g
g
a
a
a
took time(seconds):59.1838450432
That took 59.1839709282 sec!
-0.0151412773263
-0.0463769337769
0.646770246783
0.615534590332
-0.0346003788169
1.95782978587
1.92071626277
1.89458886256
-0.0371135230997
-0.0632409233127
0.830576952709
0.815435675383
-0.0346003788169
-0.0607277790299
0.833090096992
0.806962696779
-0.026127400213
-0.0573630566637
-0.0919634354805
1.05316886882
-0.0346003788169
-0.0692007576337
-0.100436414084
1.8919937506
-0.0371135230997
-0.0683491795503
-0.0944765797633
1.38712796116
-0.0346003788169
1.44700416211
1.42087676189
1.38627638308
9.85108878871
Processing folder with 10 iterations
Motif: [[ 0.13636364  0.31818182  0.40909091  0.13636364]
 [ 0.04545455  0.04545455  0.31818182  0.59090909]
 [ 0.31818182  0.31818182  0.04545455  0.31818182]
 [ 0.40909091  0.04545455  0.13636364  0.40909091]
 [ 0.31818182  0.04545455  0.59090909  0.04545455]
 [ 0.13636364  0.04545455  0.40909091  0.40909091]
 [ 0.59090909  0.04545455  0.04545455  0.31818182]
 [ 0.13636364  0.31818182  0.31818182  0.22727273]]
Sites: [ 145.   85.  433.   72.  236.  410.    0.  344.   27.  179.]
g
t
a
a
g
g
a
c
Traceback (most recent call last):
  File "./evaluate.py", line 150, in <module>
    main()
  File "./evaluate.py", line 12, in main
    evaluate_dir(directory)
  File "./evaluate.py", line 31, in evaluate_dir
    gibbs(path, iterations)
  File "/Users/brett/school/cs/466/466-project/findMotif.py", line 216, in gibbs
    f = open(f,'w')
IOError: [Errno 2] No such file or directory: 'data/2014-05-07-202151_ds0/predictedsites.txt'
Processing folder with 10 iterations
Motif: [[ 0.04545455  0.5         0.22727273  0.22727273]
 [ 0.31818182  0.22727273  0.40909091  0.04545455]
 [ 0.13636364  0.13636364  0.59090909  0.13636364]
 [ 0.13636364  0.22727273  0.59090909  0.04545455]
 [ 0.40909091  0.5         0.04545455  0.04545455]
 [ 0.40909091  0.13636364  0.22727273  0.22727273]
 [ 0.68181818  0.22727273  0.04545455  0.04545455]]
Sites: [ 294.  466.  422.    6.  252.  423.  105.  234.  322.   60.]
c
g
g
g
c
a
a
took time(seconds):59.1302437782
That took 59.1304061413 sec!
3.09104245336
3.05192222331
3.02068656685
2.9894509104
-0.0602905142044
-0.0364629692536
-0.159582090528
0.266604932532
-0.026127400213
-0.052254800426
-0.0930455713269
1.89938459336
-0.026127400213
-0.0573630566637
0.468730039233
0.453588761907
0.893817876022
0.854697645968
0.839556368641
0.824415091315
-0.0371135230997
1.95531664159
1.92408098514
1.89284532869
-0.0422217793373
-0.073457435788
-0.0885987131143
3.00244374025
11.3287333584
Processing folder with 10 iterations
Motif: [[ 0.40909091  0.13636364  0.31818182  0.13636364]
 [ 0.40909091  0.13636364  0.04545455  0.40909091]
 [ 0.31818182  0.13636364  0.13636364  0.40909091]
 [ 0.22727273  0.5         0.13636364  0.13636364]
 [ 0.13636364  0.04545455  0.59090909  0.22727273]
 [ 0.31818182  0.40909091  0.22727273  0.04545455]
 [ 0.04545455  0.22727273  0.68181818  0.04545455]]
Sites: [  21.  399.  415.   51.  410.  480.  281.  403.  480.  172.]
a
a
t
c
g
c
g
took time(seconds):59.7496402264
That took 59.7499990463 sec!
-0.0371135230997
1.95531664159
1.92071626277
1.89458886256
-0.123119121275
0.0284148296174
0.454601852677
0.331482731403
-0.0346003788169
-0.0607277790299
1.93170238566
1.89458886256
-0.0312356564507
-0.0703558865049
-0.0964832867179
1.89594687797
1.99243016469
1.97728888736
1.93649811646
1.90526246001
-0.0346003788169
0.859217497205
0.827981840754
0.812840563428
-0.0151412773263
-0.0463769337769
-0.0885987131143
3.00244374025
11.7371540982
Processing folder with 10 iterations
Motif: [[ 0.31818182  0.04545455  0.40909091  0.22727273]
 [ 0.5         0.13636364  0.04545455  0.31818182]
 [ 0.59090909  0.13636364  0.04545455  0.22727273]
 [ 0.04545455  0.40909091  0.5         0.04545455]
 [ 0.13636364  0.22727273  0.5         0.13636364]
 [ 0.04545455  0.13636364  0.68181818  0.13636364]
 [ 0.04545455  0.13636364  0.68181818  0.13636364]
 [ 0.13636364  0.13636364  0.40909091  0.31818182]]
Sites: [ 388.  491.  150.  399.   72.  482.    1.  366.  223.  256.]
g
a
a
g
g
g
g
g
took time(seconds):59.1249549389
That took 59.1250698566 sec!
-0.0346003788169
-0.0497416561431
-0.0868551792428
1.39474936168
-0.17328679514
-0.0217528442481
0.404434178812
0.344143664607
-0.0407907709009
1.95163939379
1.93649811646
1.90526246001
-0.0151412773263
-0.0522548004259
-0.0913750304802
2.99966742288
1.99243016469
1.96119450824
1.92207427818
1.89594687797
-0.0151412773263
-0.0412686775393
-0.0834904568766
1.90893970781
-0.0151412773263
1.97728888736
1.93506710802
1.90893970781
-0.026127400213
1.96630276447
1.92918924137
1.89458886256
14.2522380653
Processing folder with 10 iterations
Motif: [[ 0.5         0.13636364  0.04545455  0.31818182]
 [ 0.40909091  0.31818182  0.13636364  0.13636364]
 [ 0.22727273  0.5         0.22727273  0.04545455]
 [ 0.04545455  0.04545455  0.68181818  0.22727273]
 [ 0.5         0.04545455  0.04545455  0.40909091]
 [ 0.22727273  0.13636364  0.13636364  0.5       ]
 [ 0.31818182  0.22727273  0.22727273  0.22727273]]
Sites: [  15.  259.  346.  398.  147.   47.  351.   92.   91.  356.]
a
a
c
g
a
t
a
took time(seconds):59.1204149723
That took 59.1205289364 sec!
-0.0391202300543
-0.0652476302673
3.02579482309
2.99119444428
-0.0371135230997
-0.0717139019165
-0.0978413021295
1.89458886256
-0.0312356564507
-0.0703558865049
-0.101591542956
2.9894509104
-0.0151412773263
-0.0302825546526
-0.0725043339899
1.40910020693
0.69314718056
0.678005903234
0.662864625907
0.625751102808
1.48160454092
1.45547714071
1.4293497405
1.39022951044
-0.0346003788169
-0.0658360352675
-0.0970716917182
1.3845328492
12.6848478866
Processing folder with 10 iterations
Motif: [[ 0.40909091  0.40909091  0.13636364  0.04545455]
 [ 0.13636364  0.5         0.31818182  0.04545455]
 [ 0.40909091  0.04545455  0.31818182  0.22727273]
 [ 0.40909091  0.22727273  0.13636364  0.22727273]
 [ 0.31818182  0.04545455  0.22727273  0.40909091]
 [ 0.31818182  0.22727273  0.40909091  0.04545455]
 [ 0.31818182  0.40909091  0.22727273  0.04545455]
 [ 0.04545455  0.22727273  0.5         0.22727273]]
Sites: [ 461.   65.  135.  148.  434.  386.  481.  384.  198.  132.]
a
c
a
a
t
g
c
g
took time(seconds):59.6312639713
That took 59.631401062 sec!
0.893817876022
0.856704352922
0.830576952709
0.815435675383
1.99243016469
1.95330993463
1.91870955582
1.90356827849
-0.123119121275
0.303067901785
0.242777387581
0.266604932532
-0.0371135230997
1.44449101782
1.41836361761
1.38712796116
-0.0346003788169
-0.0497416561431
-0.0809773125938
0.812840563428
1.1451323043
1.11389664785
1.07678312475
1.06164184743
-0.0346003788169
-0.0717139019165
1.40989063901
1.39474936168
-0.0151412773263
-0.0463769337769
0.646770246783
0.615534590332
8.25750321043
Processing folder with 10 iterations
Motif: [[ 0.31818182  0.22727273  0.13636364  0.31818182]
 [ 0.31818182  0.13636364  0.04545455  0.5       ]
 [ 0.04545455  0.13636364  0.5         0.31818182]
 [ 0.31818182  0.31818182  0.13636364  0.22727273]
 [ 0.13636364  0.22727273  0.40909091  0.22727273]
 [ 0.22727273  0.04545455  0.22727273  0.5       ]
 [ 0.04545455  0.22727273  0.68181818  0.04545455]
 [ 0.13636364  0.5         0.13636364  0.22727273]]
Sites: [ 197.  485.  373.   95.  341.  450.  484.  282.   63.  204.]
a
t
g
a
g
t
g
c
took time(seconds):59.481374979
That took 59.4814920425 sec!
-0.0346003788169
-0.0658360352675
1.92659412942
1.8919937506
-0.0346003788169
-0.0607277790299
3.03031467433
2.99119444428
-0.0151412773263
-0.0412686775393
-0.0803889075936
1.06474339671
-0.0346003788169
-0.0692007576337
1.92322940705
1.8919937506
-0.026127400213
-0.0573630566637
-0.0944765797633
1.38712796116
1.48160454092
1.4664632636
1.43522760715
1.39610737709
3.09104245336
3.05980679691
3.01758501757
3.00244374025
1.99243016469
1.95330993463
1.92718253442
1.89594687797
15.5215512987
Processing folder with 10 iterations
Motif: [[ 0.40909091  0.04545455  0.04545455  0.5       ]
